	Percolate frequency	occupation probability
0	0	0.0
1	0	0.02040816326530612
2	0	0.04081632653061224
3	0	0.061224489795918366
4	0	0.08163265306122448
5	0	0.1020408163265306
6	0	0.12244897959183673
7	0	0.14285714285714285
8	0	0.16326530612244897
9	0	0.18367346938775508
10	0	0.2040816326530612
11	0	0.22448979591836732
12	0	0.24489795918367346
13	0	0.26530612244897955
14	0	0.2857142857142857
15	0	0.3061224489795918
16	0	0.32653061224489793
17	0	0.3469387755102041
18	0	0.36734693877551017
19	0	0.3877551020408163
20	0	0.4081632653061224
21	0	0.42857142857142855
22	0	0.44897959183673464
23	0	0.4693877551020408
24	0	0.4897959183673469
25	0	0.5102040816326531
26	0	0.5306122448979591
27	0	0.5510204081632653
28	0	0.5714285714285714
29	0	0.5918367346938775
30	0	0.6122448979591836
31	1	0.6326530612244897
32	1	0.6530612244897959
33	1	0.673469387755102
34	1	0.6938775510204082
35	1	0.7142857142857142
36	1	0.7346938775510203
37	1	0.7551020408163265
38	1	0.7755102040816326
39	1	0.7959183673469387
40	1	0.8163265306122448
41	1	0.836734693877551
42	1	0.8571428571428571
43	1	0.8775510204081632
44	1	0.8979591836734693
45	1	0.9183673469387754
46	1	0.9387755102040816
47	1	0.9591836734693877
48	1	0.9795918367346939
49	1	1.0
