	Percolate frequency	occupation probability
0	0	0.0
1	0	0.005025125628140704
2	0	0.010050251256281407
3	0	0.01507537688442211
4	0	0.020100502512562814
5	0	0.02512562814070352
6	0	0.03015075376884422
7	0	0.035175879396984924
8	0	0.04020100502512563
9	0	0.04522613065326633
10	0	0.05025125628140704
11	0	0.05527638190954774
12	0	0.06030150753768844
13	0	0.06532663316582915
14	0	0.07035175879396985
15	0	0.07537688442211056
16	0	0.08040201005025126
17	0	0.08542713567839195
18	0	0.09045226130653267
19	0	0.09547738693467336
20	0	0.10050251256281408
21	0	0.10552763819095477
22	0	0.11055276381909548
23	0	0.11557788944723618
24	0	0.12060301507537688
25	0	0.12562814070351758
26	0	0.1306532663316583
27	0	0.135678391959799
28	0	0.1407035175879397
29	0	0.1457286432160804
30	0	0.15075376884422112
31	0	0.15577889447236182
32	0	0.16080402010050251
33	0	0.1658291457286432
34	0	0.1708542713567839
35	0	0.17587939698492464
36	0	0.18090452261306533
37	0	0.18592964824120603
38	0	0.19095477386934673
39	0	0.19597989949748745
40	0	0.20100502512562815
41	0	0.20603015075376885
42	0	0.21105527638190955
43	0	0.21608040201005024
44	0	0.22110552763819097
45	0	0.22613065326633167
46	0	0.23115577889447236
47	0	0.23618090452261306
48	0	0.24120603015075376
49	0	0.24623115577889448
50	0	0.25125628140703515
51	0	0.2562814070351759
52	0	0.2613065326633166
53	0	0.2663316582914573
54	0	0.271356783919598
55	0	0.2763819095477387
56	0	0.2814070351758794
57	0	0.2864321608040201
58	0	0.2914572864321608
59	0	0.2964824120603015
60	0	0.30150753768844224
61	0	0.3065326633165829
62	0	0.31155778894472363
63	0	0.3165829145728643
64	0	0.32160804020100503
65	0	0.32663316582914576
66	0	0.3316582914572864
67	0	0.33668341708542715
68	0	0.3417085427135678
69	0	0.34673366834170855
70	0	0.35175879396984927
71	0	0.35678391959798994
72	0	0.36180904522613067
73	0	0.36683417085427134
74	0	0.37185929648241206
75	0	0.3768844221105528
76	0	0.38190954773869346
77	0	0.3869346733668342
78	0	0.3919597989949749
79	0	0.3969849246231156
80	0	0.4020100502512563
81	0	0.40703517587939697
82	1	0.4120603015075377
83	0	0.4170854271356784
84	0	0.4221105527638191
85	1	0.4271356783919598
86	0	0.4321608040201005
87	0	0.4371859296482412
88	0	0.44221105527638194
89	0	0.4472361809045226
90	1	0.45226130653266333
91	1	0.457286432160804
92	0	0.4623115577889447
93	0	0.46733668341708545
94	0	0.4723618090452261
95	1	0.47738693467336685
96	2	0.4824120603015075
97	1	0.48743718592964824
98	0	0.49246231155778897
99	2	0.49748743718592964
100	1	0.5025125628140703
101	3	0.507537688442211
102	5	0.5125628140703518
103	2	0.5175879396984925
104	3	0.5226130653266332
105	0	0.5276381909547738
106	1	0.5326633165829145
107	3	0.5376884422110553
108	2	0.542713567839196
109	5	0.5477386934673367
110	5	0.5527638190954774
111	4	0.5577889447236181
112	5	0.5628140703517588
113	8	0.5678391959798995
114	5	0.5728643216080402
115	7	0.577889447236181
116	11	0.5829145728643216
117	10	0.5879396984924623
118	12	0.592964824120603
119	13	0.5979899497487438
120	9	0.6030150753768845
121	14	0.6080402010050251
122	15	0.6130653266331658
123	14	0.6180904522613065
124	14	0.6231155778894473
125	19	0.628140703517588
126	15	0.6331658291457286
127	16	0.6381909547738693
128	15	0.6432160804020101
129	17	0.6482412060301508
130	18	0.6532663316582915
131	19	0.6582914572864321
132	20	0.6633165829145728
133	19	0.6683417085427136
134	19	0.6733668341708543
135	20	0.678391959798995
136	18	0.6834170854271356
137	19	0.6884422110552764
138	20	0.6934673366834171
139	20	0.6984924623115578
140	20	0.7035175879396985
141	20	0.7085427135678392
142	19	0.7135678391959799
143	19	0.7185929648241206
144	20	0.7236180904522613
145	20	0.7286432160804021
146	19	0.7336683417085427
147	20	0.7386934673366834
148	20	0.7437185929648241
149	20	0.7487437185929648
150	20	0.7537688442211056
151	20	0.7587939698492463
152	19	0.7638190954773869
153	20	0.7688442211055276
154	20	0.7738693467336684
155	20	0.7788944723618091
156	20	0.7839195979899498
157	20	0.7889447236180904
158	20	0.7939698492462312
159	20	0.7989949748743719
160	20	0.8040201005025126
161	20	0.8090452261306533
162	20	0.8140703517587939
163	20	0.8190954773869347
164	20	0.8241206030150754
165	20	0.8291457286432161
166	20	0.8341708542713568
167	20	0.8391959798994975
168	20	0.8442211055276382
169	20	0.8492462311557789
170	20	0.8542713567839196
171	20	0.8592964824120604
172	20	0.864321608040201
173	20	0.8693467336683417
174	20	0.8743718592964824
175	20	0.8793969849246231
176	20	0.8844221105527639
177	20	0.8894472361809045
178	20	0.8944723618090452
179	20	0.8994974874371859
180	20	0.9045226130653267
181	20	0.9095477386934674
182	20	0.914572864321608
183	20	0.9195979899497487
184	20	0.9246231155778895
185	20	0.9296482412060302
186	20	0.9346733668341709
187	20	0.9396984924623115
188	20	0.9447236180904522
189	20	0.949748743718593
190	20	0.9547738693467337
191	20	0.9597989949748744
192	20	0.964824120603015
193	20	0.9698492462311558
194	20	0.9748743718592965
195	20	0.9798994974874372
196	20	0.9849246231155779
197	20	0.9899497487437187
198	20	0.9949748743718593
199	20	1.0
